Attribute Evaluator (supervised, Class (nominal): 22 class):
	Gain Ratio feature evaluator

Ranked attributes:
 0.0639   14 14
 0.0495    3 3
 0.0448   15 15
 0.0426    9 9
 0.0416   16 16
 0.0411    1 1
 0.0342   18 18
 0.0337   13 13
 0.0291   19 19
 0.0284    6 6
 0.0276   17 17
 0.0215   11 11
 0.0201   10 10
 0.0201   12 12
 0.0201    4 4
 0.0201    5 5
 0.0176   20 20
 0.0175    2 2
 0.013     8 8
 0.0129    7 7
 0.0107   21 21

Selected attributes: 14,3,15,9,16,1,18,13,19,6,17,11,10,12,4,5,20,2,8,7,21 : 21