Attribute Evaluator (supervised, Class (nominal): 22 class):
	Information Gain Ranking Filter

Ranked attributes:
 0.0753   16 16
 0.0705   14 14
 0.064     9 9
 0.0613   18 18
 0.0576    1 1
 0.0513   15 15
 0.0485   13 13
 0.0435   19 19
 0.0417    6 6
 0.0397   11 11
 0.0377   17 17
 0.0359    5 5
 0.0322   20 20
 0.032    10 10
 0.032    12 12
 0.0281    4 4
 0.0237    2 2
 0.0184    3 3
 0.0178    8 8
 0.0177   21 21
 0.0135    7 7

Selected attributes: 16,14,9,18,1,15,13,19,6,11,17,5,20,10,12,4,2,3,8,21,7 : 21
